"z" "snh" "snl" "onl" "onh" "dnl" "dnh" "knl" "knh"
"1" 17.296 66.9857 47.3655 57.3678 78.9186 40.3125 61.639 7.81612 10.9691
"2" 13.214 166.138 149.229 169.048 191.204 131.815 148.129 21.0191 22.1114
"3" 10.84 254.986 244.649 275.548 283.255 224.614 232.859 31.2024 32.766
"4" 9.259 337.463 337.287 364.377 431.481 303.222 309.5918 41.3102 32.8687
"5" 8.118 413.761 411.736 522.256 593.9319 381.0187 384.8013 41.41053 34.1797
"6" 7.248 489.094 504.057 672.193 789.51 457.829 436.687 42.434 38.5754
"7" 6.56 514.6426 556.4766 851.244 956.1018 515.7115 465.3343 43.76054 39.19406
"8" 5.999 546.4997 617.375 1022.134 1102.4986 553.422 467.3416 46.4723 38.33492
"9" 5.531 563.2132 661.77854 1196.3481 1262.7279 577.40449 480.47366 48.56413 38.41291
"10" 5.134 563.0916 679.2276 1302.917 1384.2433 598.0658 476.5467 50.03372 35.15467
"11" 4.792 547.3419 700.1343 1449.5199 1493.1014 597.0019 453.3718 45.33973 34.32328
"12" 4.494 533.4418 688.6941 1568.3682 1633.4539 583.7067 432.4556 43.08249 32.56096
"13" 4.231 517.2592 650.89795 1667.6598 1749.0476 556.80951 415.3354 39.651429 31.75741
"14" 3.997 515.75496 651.522 1748.555 1817.027 533.5227 412.844479 38.19694 29.9734354
"15" 3.788 504.5107 617.5685 1864.6238 1824.4997 504.6108 389.25701 38.69117 27.726782
"16" 3.599 482.3424 591.541 1963.0166 1743.3124 478.6673 349.4819 36.23054 20.732995
"17" 3.427 459.1774 568.7919 2086.3395 1724.1676 470.1714 313.3287 33.48129 17.333932
"18" 3.27 442.361 564.7788 2056.7547 1696.5033 449.5083 295.4507 31.71276 14.47586
"19" 3.127 431.3164 536.6939 1973.9894 1730.5414 406.4577 282.6114 25.874832 12.660759
"20" 2.994 405.9004256 520.5737 1970.0151 1738.58655 383.2213 277.2731 23.985535 11.584038
"21" 2.872 382.2214227 497.7565 1965.278 1721.0091 364.1326 266.4974524 21.393403 10.724307
"22" 2.758 350.252752 496.9332 1945.2897 1617.9848 354.6671 249.9985366 18.970893 9.310689
"23" 2.652 316.2181042 476.3643 1963.9887 1595.76 341.0046 231.964742 17.83982 7.864463
"24" 2.553 291.100615 468.0202 1958.4498 1557.8405 331.4663 209.008388 15.779268 7.290248
"25" 2.46 256.833608 465.5589 1952.1624 1514.71293 315.4522 195.531948 13.56107 7.079291
"26" 2.373 240.817537 451.8082 1942.7653 1517.02957 312.4768 178.295217 13.251163 6.415911
"27" 2.291 211.290757 445.1762 1960.7076 1458.16071 304.4713 163.857073 11.481687 6.256788
"28" 2.214 198.385169 442.6296 1957.8502 1442.32805 290.421 152.343168 10.91029 4.98931
"29" 2.141 182.436396 421.4126 1949.9955 1402.66925 287.4628 145.063511 9.706824 4.39224
"30" 2.072 168.92742 430.2004 1975.1972 1400.46933 278.4077 136.639716 9.585811 4.695714
"31" 2.006 154.285227 413.3182 1938.9643 1383.35841 280.76194 126.881682 7.892884 4.683948
"32" 1.944 143.76702 412.7437 1938.7391 1364.31681 272.09645 119.912933 9.605413 3.539715
"33" 1.884 136.593694 405.56224 1916.66118 1368.82307 270.90065 112.807092 8.043587 4.098558
"34" 1.827 128.51443 400.40522 1918.23058 1343.61759 262.90661 107.939741 7.96725 3.523683
"35" 1.773 123.83276 383.95705 1900.81577 1340.39794 258.74865 99.523477 7.575529 3.4054158
"36" 1.722 113.45323 383.57619 1891.81851 1326.32329 251.5172 95.392638 6.976153 2.851316
"37" 1.672 108.9948847 371.0072 1869.87651 1313.82066 252.07424 90.7177059 5.993161 2.5922787
"38" 1.625 100.602199 375.8651 1858.91065 1270.1598 241.86779 84.354496 6.605243 2.931763
"39" 1.579 98.89612 354.4457831 1816.75976 1214.30154 245.05746 79.294224 6.062942 2.282064
"40" 1.535 91.78892 319.6978851 1730.61515 1179.096 230.1182601 77.9167 5.540845 2.245486
"41" 1.493 89.06821 297.696658 1669.5652 1140.54753 221.1912856 71.6676621 5.034583 1.8635341
"42" 1.453 90.47566 272.8895151 1612.95265 1090.0763 198.677823 69.133129 4.560531 2.025916
"43" 1.414 87.65284 248.542458 1581.16918 1057.54599 187.0088198 65.444406 3.570876 1.9508824
"44" 1.376 88.41514 231.855097 1521.24914 1028.10637 179.204564 66.055242 3.796118 1.9063038
"45" 1.34 86.61214 213.575948 1467.16471 1003.85935 164.708383 65.027248 3.533553 1.9571623
"46" 1.305 87.63773 200.403744 1421.45532 961.2158 157.880753 63.93098 3.478884 1.5980473
"47" 1.271 85.01952 188.882755 1398.83338 942.02981 147.74415 61.41129 2.813279 1.3696051
"48" 1.238 87.62287 178.964948 1371.71682 906.86769 139.33346 60.35063 3.4446493 1.5501023
"49" 1.206 88.30477 167.054327 1340.24829 887.04534 134.758137 56.09969 2.9633087 1.3797813
"50" 1.175 85.07513 157.568061 1298.89842 859.89123 125.989217 55.67746 2.618276 1.5403751
"51" 1.145 84.66733 147.116606 1291.20552 834.10407 117.27019 54.28361 2.60944 1.2819271
"52" 1.116 82.80245 141.1745 1254.69986 811.27849 112.322265 51.95441 2.647242 1.5467749
"53" 1.088 85.71286 131.057996 1234.58336 776.1135 105.083093 50.09106 2.722852 1.4727479
"54" 1.061 83.57119 124.68766 1199.87587 762.9157 103.556687 50.99616 2.5359027 1.1956573
"55" 1.035 83.47948 124.196514 1179.58915 753.32177 96.600766 46.81222 2.2747784 1.2316064
"56" 1.009 78.53651 115.410534 1175.00508 714.75065 91.317929 51.96843 2.2171421 1.2335578
"57" 0.984 80.0232246 110.893281 1136.01009 687.8918 90.5870432 47.9723892 2.587465 1.3139394
"58" 0.959 78.9780993 106.05907 1120.28582 685.85814 87.574664 49.25204 2.295478 1.0178137
"59" 0.935 76.784434 105.34572 1118.97951 659.01901 80.586233 48.659149 2.0264528 0.96919
"60" 0.912 74.710029 98.29225 1077.7363 630.84722 84.55822 46.849953 1.9624779 1.0403877
"61" 0.89 73.793024 93.28717 1068.09721 612.27634 77.607549 47.546363 2.2807356 0.6153258
"62" 0.868 71.19324 88.21814 1041.62216 603.08554 80.200171 42.69788 1.6305278 0.9941565
"63" 0.846 69.53255 91.38576 1028.23637 576.8694 73.343943 41.978104 1.4354869 0.9034043
"64" 0.825 69.91721 87.43176 1006.16622 572.1108 72.09498 42.166178 1.5696834 1.0209818
"65" 0.805 69.07078 82.16126 985.77014 550.54198 67.31629 39.484082 1.7015875 1.1444493
"66" 0.784 66.41869 82.3617 973.60261 528.0646 71.22638 40.749915 1.6525848 1.0764956
"67" 0.765 69.67884 77.99894 949.37059 521.64876 64.79354 36.527712 1.5718125 1.11849959
"68" 0.746 66.30922 74.69629 947.76628 508.02631 66.00884 38.704217 1.9393686 1.1542474
"69" 0.727 65.56354 74.54738 918.02415 494.66727 62.66911 36.255964 1.635002 1.0892523
"70" 0.709 65.72531 71.85004 895.57411 477.67435 61.71699 37.319514 1.953215 1.4401517
"71" 0.691 64.47528 68.94849 883.99777 463.24111 57.38123 32.626742 1.866476 0.9649622
"72" 0.673 64.19624 65.30742 858.8704 451.92425 58.40906 33.580247 1.8988792 1.19461057
"73" 0.656 63.06851 68.07623 849.67833 442.0822 56.47056 34.370654 1.5845074 0.7353319
"74" 0.639 60.27879 65.15926 824.44723 427.42133 54.42721 32.120476 2.050058 0.70399978
"75" 0.623 59.69526 64.46383 812.08552 418.15943 53.48866 32.492535 1.4460773 1.0001045
"76" 0.606 60.96363 59.87126 792.21077 405.86225 52.22684 33.623138 1.6371165 1.02538465
"77" 0.591 57.76876 62.2538957 775.23799 397.09652 52.59258 31.772144 1.7813564 1.1691485
"78" 0.575 58.3699 60.6390609 759.59551 385.74391 51.2600879 32.696713 1.6497063 1.0342221
"79" 0.56 58.9114 57.80931 726.52985 380.51028 50.3052629 32.066422 1.748835 1.11391149
"80" 0.545 58.76867 60.55568 710.08979 361.61328 51.5391333 31.386574 1.6339977 0.8546871
"81" 0.53 53.39529 58.08777 677.30495 360.63527 50.696004 32.0407 1.504797 0.9276366
"82" 0.516 54.096647 57.49458 663.1402 348.598086 48.027358 31.562739 1.5621221 0.78790582
"83" 0.501 53.426091 59.63908 649.10401 341.599762 48.330443 27.51632 1.2768651 0.79718023
"84" 0.487 51.182342 57.33144 630.52289 328.845298 48.206591 26.565601 1.3639512 0.85954363
"85" 0.474 52.490227 58.24097 599.11381 321.620979 43.302098 25.80985 1.1569866 0.71765192
"86" 0.46 49.461657 57.58824 596.56769 315.58842 44.334154 25.098726 0.9195918 0.79858385
"87" 0.447 50.347744 55.922344 576.35616 305.853035 43.371002 25.126935 1.2216905 1.06616132
"88" 0.434 48.84614 54.75308 561.13579 300.79499 41.17483 25.231164 1.1132533 1.23400582
"89" 0.421 50.02163 54.58846 548.81886 288.95941 43.290749 24.870717 1.3449742 1.01883873
"90" 0.408 48.78877 52.04881 528.37457 295.588742 41.261959 24.405311 1.5107468 0.95598581
"91" 0.396 48.147365 55.80256 514.06036 279.944759 39.925357 23.546164 1.6360481 1.1467924
"92" 0.384 47.953862 51.49676 503.46027 274.8421607 40.617202 23.913968 1.9305269 0.82824873
"93" 0.372 48.74033 54.00484 489.65343 271.255466 41.693804 22.33477 1.6109031 0.88521388
"94" 0.36 46.636998 53.92233 486.30003 262.058364 41.095659 21.979236 1.1591151 0.65152397
"95" 0.348 49.882206 53.18837 471.03117 250.65996 40.9317 22.519388 1.15507888 0.77553932
"96" 0.337 45.893049 52.19532 453.14745 251.499797 39.39024 23.299903 1.0338809 1.13066753
"97" 0.326 46.10848 53.05817 451.18214 240.847823 39.387248 22.566047 1.45486 0.67735311
"98" 0.314 45.83062 49.97571 438.38473 228.487 37.922903 22.6796771 1.2184283 0.89361303
"99" 0.303 44.84721 52.52822 420.79195 225.43549 39.826538 23.1877725 1.1561372 0.72732758
"100" 0.293 43.0596 49.59631 416.74139 217.676949 39.393019 21.7265881 0.9505035 0.69792634
"101" 0.282 42.074994 48.79288 404.50349 214.706102 39.155023 22.8152774 1.2053427 0.68550125
"102" 0.271 40.003653 51.15799 389.9339 204.83452 38.351119 21.2430572 1.1113806 1.13510544
"103" 0.261 41.32383 48.56606 397.37243 201.21462 37.500934 20.2942942 1.26437079 0.62456221
"104" 0.251 37.51925 48.44383 376.79879 191.491373 37.206304 19.5944749 1.1706826 0.7922814
"105" 0.241 37.61645 47.03995 365.16993 189.68785 36.935853 18.5239209 1.0887192 0.58213326
"106" 0.231 36.1130454 45.54545 364.07687 179.46461 36.776302 18.8430455 1.20214957 0.30691785
"107" 0.221 35.0302298 45.93164 351.3807 183.67363 34.522288 18.7675077 0.7612218 0.48605848
"108" 0.211 36.420854 44.06009 345.07078 174.85253 32.80142 18.614705 0.54733608 0.57756157
"109" 0.202 35.7162016 44.47442 335.70678 174.001011 34.469978 17.5428066 0.4828838 0.52651815
"110" 0.192 36.762521 44.89791 331.86816 166.641944 31.545575 19.6723405 0.7980717 0.7584747
"111" 0.183 35.265071 41.75927 325.14697 165.04954 35.34394 17.8298242 0.7645524 0.71693423
"112" 0.174 34.955501 47.18824 318.77928 161.434175 33.891112 18.8327688 0.66777884 0.45029482
"113" 0.165 35.510017 44.31251 314.56031 156.200171 32.963971 19.3049733 0.89528713 0.3272947684
"114" 0.156 31.914179 43.33183 310.01834 154.144744 32.15495 20.7393629 0.93883058 0.419714304
"115" 0.147 35.158132 44.05885 300.47731 150.955569 34.456066 17.8864206 0.536695 0.344486854
"116" 0.138 33.46177 43.83843 300.7052 146.6524 32.708909 17.269251 0.65436232 0.31918085
"117" 0.129 31.886901 41.80425 288.61513 148.51743 34.05566 16.7616469 0.57963856 0.47613771
"118" 0.121 32.963798 41.61299 286.57267 144.609011 31.009903 16.546789 0.7510736 0.44160178
"119" 0.112 29.788702 41.51357 278.22967 144.384843 30.51042 17.0580001 0.784869 0.35338848
"120" 0.104 32.455331 41.57291 278.92062 140.76575 30.44118 16.7676123 0.617955319 0.23909736
"121" 0.096 31.021816 41.90239 272.41199 137.069674 31.37212 16.5311714 0.32828963 0.18970551
"122" 0.088 32.11426 38.57532 268.36856 135.350298 28.38332 16.2002878 0.53154199 0.48404827
"123" 0.08 30.546432 40.99936508 258.290857 133.950495 29.27110051 16.0910787 0.38386947 0.30540189
"124" 0.072 28.964007 38.7366264 258.57045 125.894787 27.57926051 15.1631963 0.50506958 0.39695168
"125" 0.064 28.700453 39.35196 250.16168 127.654189 28.1757675 14.7439057 0.53946329 0.41160685
"126" 0.056 29.419068 35.8222543 244.65663 125.789847 25.9587826 13.4454334 0.54751769 0.29795902
"127" 0.048 29.78892 37.7110596 244.72345 126.586634 27.5538932 13.6172263 0.69477422 0.288032965
"128" 0.041 30.031038 35.968011 234.44353 120.82498 25.1969511 14.7159202 0.30064255 0.166189891
"129" 0.033 29.37988 36.706873 234.85837 120.229646 24.0896703 14.2539767 0.61970419 0.30053413
"130" 0.026 28.104873 37.838828 225.66175 118.898557 24.0311949 15.6505289 0.3348052 0.40380159
"131" 0.018 29.095531 36.865028 228.39314 114.994163 23.7148948 14.926397 0.38161234 0.438706397
"132" 0.011 26.785086 35.553644 221.27014 114.729073 25.7225345 15.1684593 0.49968132 0.35562951
"133" 0.004 28.161848 35.983105 220.77322 108.776969 24.2174727 13.9688036 0.49401858 0.49138436
