"z" "snh" "snl" "onl" "onh" "dnl" "dnh" "knl" "knh"
"1" 17.296 0.950075 0.739769 0.748595 0.953255 0.240068 0.287287 0.146823 0.249412
"2" 13.214 2.95812 2.46853 2.44636 2.85889 0.907273 0.963507 0.363757 0.402513
"3" 10.84 4.60708 4.67724 4.81168 4.60491 1.30116 1.62153 0.605628 0.679516
"4" 9.259 5.63712 6.02604 6.21328 5.90664 2.1366 1.635577 0.961084 0.79155
"5" 8.118 8.336478 8.20654 7.37145 7.937438 2.030071 1.847263 0.792888 0.6355021
"6" 7.248 9.96094 10.20348 9.97466 10.42147 2.48179 2.097516 1.082283 1.098134
"7" 6.56 11.818697 10.58432 11.93603 13.021586 2.017291 2.865309 1.047548 1.579021
"8" 5.999 13.3512 14.28758 13.64572 13.86062 3.196556 3.79863 1.6298 2.406143
"9" 5.531 15.226395 14.8102526 15.829481 17.98647 2.8498443 5.69566 1.837376 3.264798
"10" 5.134 16.68394 18.52506 19.39705 22.70566 4.286522 7.96157 2.287352 3.639384
"11" 4.792 23.44719 17.75663 20.32695 29.73855 5.482806 12.874163 3.503269 3.6155787
"12" 4.494 28.48649 19.87872 22.44386 39.31395 8.267266 17.546933 4.17847 3.7559402
"13" 4.231 32.43476 24.47349 30.885425 48.18673 12.110018 22.324651 4.4069582 2.9558308
"14" 3.997 37.6549 28.31911 35.94837 55.40016 18.310033 23.905117 4.1889844 4.2504794
"15" 3.788 44.035155 33.53498 49.08727 66.115976 24.003313 25.489502 4.2580476 4.1310869
"16" 3.599 45.876931 41.13618 54.41172 75.149724 23.596911 27.814871 4.0268506 5.0296377
"17" 3.427 52.002491 42.60904 66.8638 86.318634 30.662398 27.486119 3.4985639 5.04183296
"18" 3.27 52.62057 49.159167 70.511839 92.719697 31.16861 27.141635 3.8720279 5.99397961
"19" 3.127 54.006206 51.845568 82.091231 96.07041 32.094546 27.693337 4.7418772 6.54084166
"20" 2.994 56.142644 54.772847 86.828445 108.246093 36.269619 25.978586 5.63695 6.77285111
"21" 2.872 53.286596 56.666514 95.207438 104.313459 33.195523 25.0633599 5.48778254 5.36836547
"22" 2.758 52.828365 58.386808 101.973395 106.949615 32.9496462 24.0781105 6.23866921 5.311376917
"23" 2.652 47.823352 61.028702 108.050993 112.061338 33.6962538 25.7619312 6.8857854 4.224324
"24" 2.553 45.672635 65.279304 111.271557 105.300913 31.6765991 23.6040098 8.14954037 4.362271
"25" 2.46 44.949802 59.668488 120.61246 106.706769 31.9264377 21.8507793 7.5988717 3.4156143
"26" 2.373 40.653498 64.766616 118.981886 104.05996 36.1495416 22.8986413 6.3188019 3.5828296
"27" 2.291 41.633098 66.373871 125.843458 104.882967 33.825136 21.778774 7.087581 2.8524519
"28" 2.214 38.993154 65.446619 123.759613 101.01007 32.067049 19.873628 6.4930806 3.5677877
"29" 2.141 35.798292 68.209725 129.770456 100.409052 32.8772608 20.6198689 6.7793536 2.2167286
"30" 2.072 34.305219 63.912164 129.556671 102.14845 34.7156549 19.7464231 7.8364328 2.1283889
"31" 2.006 30.29634 67.375421 129.800591 102.880422 33.4987454 19.8101827 5.8987198 2.1251146
"32" 1.944 32.40165 69.470964 131.203033 101.427607 33.1939541 17.34569193 6.9050363 1.9063946
"33" 1.884 33.985193 63.758646 136.565433 96.470626 32.7188401 16.99332377 5.9024596 2.030539875
"34" 1.827 27.756523 68.675265 132.43495 99.201049 32.4633616 15.05689143 6.73152375 2.35567001
"35" 1.773 27.210891 64.284453 134.938002 95.066013 33.5918933 15.2126635 6.5145125 2.41195613
"36" 1.722 29.030515 67.701553 134.331333 101.167634 31.28515469 12.60320502 5.46865615 2.52280799
"37" 1.672 25.8494235 64.21872 135.236587 97.0414239 32.83431816 12.82605515 7.21646628 2.3896224
"38" 1.625 24.5839277 66.825124 133.53935 90.4628463 29.2353431 12.36237297 6.5846866 2.1189754
"39" 1.579 24.5796862 61.369541 131.6875613 84.245342 30.13727679 11.375806429 6.8365 2.6157326
"40" 1.535 22.6121498 61.704146 128.0445401 84.758684 25.63626666 10.828606331 6.2296667 3.3539456
"41" 1.493 20.5258352 55.9553768 129.3978693 84.3018647 29.16264962 12.037851906 4.4442592 3.7147025
"42" 1.453 20.2964482 52.9371589 115.3959393 77.042251 23.924475536 10.0659758 4.8934205 3.1233065
"43" 1.414 19.2206378 50.5435027 118.568679 77.3993433 26.264981915 11.9520745 4.6112048 3.4575106
"44" 1.376 18.5143833 45.4215901 111.604158 73.6191913 21.58136592 10.8069284 4.2355412 3.5913015
"45" 1.34 17.8726103 44.195576 112.0620372 74.543173 21.265317269 10.6360207 3.5989173 3.6815858
"46" 1.305 15.6957478 42.330785 104.998484 69.9646502 20.274085627 10.0226257 3.1070265 3.53317704
"47" 1.271 15.6560645 39.530446 100.974869 67.9224995 19.333114014 9.9974178 3.3060075 3.74114993
"48" 1.238 14.1785025 36.7431766 102.8380862 64.7405323 18.174407869 10.3020838 2.6538454 3.36086858
"49" 1.206 14.5937094 34.2780953 96.8672017 64.4451506 17.639039332 10.4572283 2.9624384 3.48619005
"50" 1.175 13.3622572 35.0391666 95.0561512 59.1131222 15.361644502 9.9730141 2.52694966 3.64760905
"51" 1.145 13.6768549 31.3712553 95.2811713 60.5841485 14.9969164 8.8607492 2.60562821 3.61063524
"52" 1.116 12.9089896 31.7701307 87.4458506 59.02503269 15.6153876 9.335649 2.28251969 3.59045679
"53" 1.088 11.7267376 29.7958977 93.1563316 56.8262195 13.4806909 9.6514552 2.00902681 3.37140127
"54" 1.061 11.8388112 28.0225004 87.5814718 55.3813504 13.4063266 8.7559125 2.87742151 3.44302247
"55" 1.035 12.2384958 27.1527715 84.9720012 53.4749975 13.4518924 9.7034646 1.79764812 3.43586658
"56" 1.009 10.6456362 25.6866429 81.4838382 52.4983486 12.4057602 8.382455 2.32700179 3.02948051
"57" 0.984 11.1250616 24.8809597 81.5212945 51.6503538 12.305924 7.4237122 1.61199452 3.110781378
"58" 0.959 10.5541592 24.5566369 80.7828601 49.3808975 11.4008872 6.1734691 1.78473334 3.25280988
"59" 0.935 10.1782796 22.6089873 78.7903815 48.6869249 12.5977892 7.5941583 1.43024149 2.628772152
"60" 0.912 9.1401064 21.725652 73.5684821 45.8848123 10.5663374 6.0822778 1.48571235 2.225615216
"61" 0.89 10.4793281 21.9698858 76.625103 45.255141 11.7562597 5.9515904 1.76919256 1.68779064
"62" 0.868 9.1723101 20.071697 72.0473507 47.6826004 13.2156929 6.04550801 1.16962155 1.776880563
"63" 0.846 9.8892553 21.1477064 72.2197425 46.3408557 10.5309394 5.9894741 1.39857495 1.4202341
"64" 0.825 9.54592543 19.992234 70.5248464 42.16992929 10.9426465 4.8833068 1.49833459 1.099444688
"65" 0.805 8.7485202 19.1657189 70.6260268 45.57072615 10.2329443 5.51277302 1.45893352 1.284667947
"66" 0.784 8.316486 17.7674253 68.4592 44.082938 11.2571613 5.11657124 0.75716536 1.041349982
"67" 0.765 8.0125133 18.760474 64.435336 42.713005 10.5450539 5.79400521 1.07085813 0.9651800167
"68" 0.746 8.0204086 17.955326 66.432777 45.3003446 9.8115603 5.141828 0.774134236 0.892385282
"69" 0.727 8.0782901 16.961283 64.755385 39.8299405 10.46316417 5.3247541 0.859118128 0.900582707
"70" 0.709 7.1722301 15.8796844 63.1098136 41.8701948 9.89204598 4.206420202 0.895550992 1.0094672698
"71" 0.691 8.2369982 15.0618543 60.0636435 41.5044302 9.63470166 4.08248061 0.781359478 0.9968211709
"72" 0.673 7.070974736 16.1677633 59.5461743 37.4831706 9.15244957 4.146642629 1.142852395 0.8065747319
"73" 0.656 7.30890726 14.0961159 61.9369234 39.63912232 8.9570541 4.1031109 0.995216093 0.76441017
"74" 0.639 7.5362763 14.9893892 54.8871612 39.0926819 8.52307623 4.3744799 1.06895656 0.80871519
"75" 0.623 6.3907406 13.4319583 56.4632595 37.9521463 9.1137048 4.0663167 0.601319338 0.76933907
"76" 0.606 7.2582845 13.3538361 57.2482079 36.81769596 8.6612036 4.06836217 0.944851401 0.64667026
"77" 0.591 6.20007314 12.9407355 54.5561736 35.37465096 8.8070296 3.807205912 0.639186644 0.53123247
"78" 0.575 6.450682 12.8933405 53.1719271 37.23880909 8.2643294 3.90246038 0.723938788 0.61368374
"79" 0.56 6.4835993 11.6900261 50.8944385 36.5246446 7.7252151 4.02814582 0.935391671 0.41580056
"80" 0.545 6.0993554 10.6276111 49.5218889 33.6847032 7.3816912 4.14979462 0.976810707 0.4061236
"81" 0.53 5.9866946 11.0322679 49.8261711 35.0057852 8.6720108 3.42518678 0.99113848 0.31851848
"82" 0.516 5.9898157 9.97971581 47.1200361 34.095146 7.6045623 3.5885075 0.862261041 0.40059695
"83" 0.501 5.5557651 9.8662279 44.44448007 31.4079465 8.1633512 2.6493599 0.8683560584 0.29598615
"84" 0.487 5.85469098 10.2124802 47.5898189 32.61278767 7.2765981 2.78206709 0.9784661893 0.32828979
"85" 0.474 5.73655605 8.5184111 43.6565553 29.75405547 6.71090336 2.7645641 0.96218665 0.31013705
"86" 0.46 5.6078639 9.20870253 43.0988556 29.83165832 6.4453179 2.50600995 0.97140022545 0.45161051
"87" 0.447 5.3795827 8.2198148 42.5561256 32.0190247 5.5587251 3.064031 0.95327245 0.33662695
"88" 0.434 4.8779591 9.4869418 41.3171749 29.1203399 6.90653443 2.61529086 0.97147781 0.32103002
"89" 0.421 5.2055448 8.4079264 37.4214817 29.58117144 5.7950421 2.8985664 1.07809822 0.26264748
"90" 0.408 4.681934 7.6067563 40.9270948 28.0386675 6.7634459 2.3408084 1.01138174 0.24741703
"91" 0.396 5.52030426 7.4297461 37.5479439 28.8042679 5.6974426 1.93089615 0.99735861 0.24739114
"92" 0.384 5.8267365 7.6384748 37.891 29.08260787 5.1742136 2.4712817 0.89154167 0.288856177
"93" 0.372 3.9633713 7.4413085 33.94970638 27.16129926 5.2607656 1.41453547 0.99403702 0.21924655
"94" 0.36 5.09204454 6.881451 35.7450409 28.19504244 5.2569123 2.1804261 0.86215889 0.24543454
"95" 0.348 4.40056302 7.63881978 35.6809453 27.29505927 4.62343315 1.67419582 1.02988039 0.154852141
"96" 0.337 4.34428945 5.64648732 35.22954892 26.39946007 4.5543849 1.83425789 0.8479591122 0.163321006
"97" 0.326 4.82682684 6.5711097 30.78446878 26.00198369 4.4153121 1.77738452 0.88245947 0.2015583
"98" 0.314 4.22126083 6.45785752 32.81648191 27.0180647 4.052759 2.06224126 0.86317388 0.195555917
"99" 0.303 4.74735497 5.60499586 30.63344462 27.146078989 4.48424 1.67344432 0.88249935 0.233702656
"100" 0.293 4.29803612 5.42059557 31.3782552 25.61772599 3.6874941 1.62141796 0.86998355 0.16467847
"101" 0.282 4.36524437 6.30554541 30.95720981 25.69867081 3.89095742 1.65263769 0.93497617 0.150431031
"102" 0.271 4.036958709 5.9734947 28.75760613 25.507908291 3.7943508 1.2743245 0.8517055 0.160691971
"103" 0.261 3.80899918 6.02853886 30.31021061 23.8853703 3.06851578 1.61028001 0.81378437 0.099064035
"104" 0.251 4.26029152 5.78388152 28.9145945 25.526678445 3.39440852 2.02796657 0.793281405 0.108532833
"105" 0.241 3.91165981 5.4171951 30.5425526 23.42243871 3.52246219 1.26529075 0.745594854 0.1046178518
"106" 0.231 3.53043478 5.474703 27.36602603 24.0716302 3.16381995 1.81159986 0.73836997 0.10494774
"107" 0.221 4.04289721 5.5872624 26.579468 23.35193517 3.30851236 1.71293297 0.742729112 0.088339611
"108" 0.211 3.76582245 5.2388723 28.8168307 22.99152259 3.15506055 1.63759081 0.691892053 0.1381695
"109" 0.202 3.66411153 5.0906139 27.410104245 21.894214829 3.9039375 1.354193793 0.75864273 0.154036809
"110" 0.192 3.4882384 5.94775793 26.0442973 22.21710017 3.28728451 1.39214641 0.7718096 0.100093338
"111" 0.183 2.91415819 4.5475593 26.8858739 21.726941609 3.04105526 1.218761386 0.80008543 0.120668034
"112" 0.174 3.64759817 5.09807649 26.0876026 19.92595018 2.9275719 0.908704268 0.73614313 0.186001813
"113" 0.165 2.874211037 5.61866313 25.354444458 20.35355714 3.1896694 1.049266809 0.81666019 0.211454552
"114" 0.156 3.09569146 4.39371163 25.94634062 20.18913528 2.44258771 1.449500448 0.82269551 0.248205088
"115" 0.147 2.80090851 4.68592419 24.83401769 18.96715373 2.59282517 1.623673052 0.82787234 0.32949089782
"116" 0.138 3.42096158 4.684670696 24.8660389 18.8073031 3.03960808 1.368999474 0.760398014 0.125413407
"117" 0.129 2.81463617 4.03774976 24.004853169 19.43613502 2.79043926 1.347542339 0.64691442 0.19721962
"118" 0.121 2.90160018 4.69760077 24.9878054 19.3645196 2.89840564 1.313691869 0.80434363 0.164516657
"119" 0.112 2.569009768 3.80955969 23.34901 18.4471887335 2.94994939 1.438022149 0.79227169 0.151973995
"120" 0.104 2.7979674 4.17634181 23.7511305 17.2248577 2.47906654 1.200349476 0.896519497 0.094518794
"121" 0.096 2.8923895 3.5203461 22.87897038 18.04276532 2.744423611 1.224405495 0.69926421 0.074005136
"122" 0.088 2.61047663 4.06760254 22.1742965 17.44984327 2.791557192 1.157981916 0.67127749 0.06336567
"123" 0.08 2.47913442 3.487047722 22.936896355 18.56317521 2.613794442 0.928758046 0.59488843 0.083402118
"124" 0.072 2.50005498 3.6569461 21.5202836 17.34260386 2.700078966 0.9749571184 0.720083015 0.049697505
"125" 0.064 2.63780972 3.593393099 20.9724653 15.80136141 2.238453045 0.8482968212 0.61234588 0.109367376
"126" 0.056 2.57643299 3.6676876 21.12453051 16.84230796 2.52797502 0.9864097257 0.54923566 0.191056683
"127" 0.048 2.02862116 3.04054002 21.203146 15.57149706 2.067639407 0.9307802506 0.51524411 0.086956749
"128" 0.041 2.662954475 3.14325756 20.8390320662 16.499914901 2.114038441 0.9545024598 0.50060239 0.068197471
"129" 0.033 2.1452199087 3.217632387 19.45243818 17.032489729 1.957259098 1.3974087148 0.44393242 0.036227258
"130" 0.026 2.56192748 2.76663805 21.651450318 16.0208729 1.8861862546 0.9568552248 0.373456807 0.064643036
"131" 0.018 2.54539353 3.03902414 19.36399346 15.92434592 2.0899184902 1.43413488065 0.367816311 0.056989003
"132" 0.011 2.47585116 2.614212911 19.93329334 14.85381522 2.100917019 1.15022881538 0.371922817 0.04800005
"133" 0.004 2.82200541 3.013299859 20.24663030851 16.57164231 2.406054342 1.01350441 0.3020123367 0.040506391
