0.5171	1.3636	219	39	0.676	1	0.89	226	40
0.4384	0.8983	328	60	0.754	1	1.24	334	61
0.4366	0.8966	281	52	0.61	1	2.87	277	51
0.4831	1.5181	98	24	0.491	1	0.57	103	25
0.5301	1.3317	268	36	1.142	1	1.1	274	37
0.539	1.1785	204	34	0.725	1	1.35	207	35
0.5793	1.34572	165	41	0.683	1	0.99	170	42
0.6423	1.297	262	45	1.368	1	1.42	266	46
0.5348	1.2844	187	48	0.699	1	0.93	193	49
0.49	1.0159	122	31	0.533	1	1.61	123	31
0.6591	1.3959	177	27	0.679	1	1.06	182	28
0.5643	1.1821	225	35	1.386	1	1.6	227	35
0.4396	0.8926	178	18	0.75	1	2.03	178	18
0.4634	1.0341	161	21	1.823	1	1.35	164	21
0.5553	1.3108	166	27	0.736	1	1.08	170	28
0.5603	1.1133	174	24	0.64	1	0.59	183	25
0.3521	1.0233	210	16	1.042	1	1.45	213	16
0.5218	1.2886	250	37	1.21	1	2.65	247	37
0.5435	1.4461	207	36	0.858	1	0.63	217	38
0.4766	1.2109	109	23	0.58	1	1.33	111	23
0.4081	1.0863	272	14	1.634	1	2.07	272	14
0.391	0.8744	208	30	0.65	1	0.89	215	31
0.6261	1.4517	324	56	1.58	1	1.76	326	56
0.3632	0.9777	247	17	1.204	1	1.47	250	17
0.4582	0.9363	274	31	1.016	1	1.35	278	31
0.44	1.192	193	36	1.16	1.5	1.71	197	37
0.227	0.9313	229	18	0.96	1.5	2.16	232	18
0.1955	0.6322	279	10	1.53	1.5	2.19	283	10
0.1196	0.1965	266	13	0.79	1.5	2.61	267	13
0.2939	0.5248	251	19	0.69	1.5	1.38	259	20
0.513	0.924	295	47	0.79	1.5	1.06	308	49
0.3317	0.5235	333	23	1.16	1.5	2.67	335	23
0.2803	0.9818	164	12	1.04	1.5	1.39	169	12
0.3507	1.0709	212	21	1.1	1.5	1.2	220	22
0.0753	0.8098	160	8	0.8	1.5	1.36	165	8
0.2058	0.6877	214	11	1.25	1.5	1.78	219	11
0.3223	0.5812	338	17	1	1.5	2.82	339	17
0.219	1.025	236	11	1.23	1.5	2.42	238	11
0.2414	0.5941	259	15	1.17	1.5	1.82	264	15
0.1159	0.6567	225	11	1.41	1.5	4.21	222	11
0.43	1.065	223	27	1.29	1.5	1.78	228	28
0.1642	0.3239	326	12	1.63	1.5	3.87	323	12
0.3475	0.467	396	35	0.87	1.5	4.24	391	35
0.1897	0.588	243	12	1.09	1.5	2.11	246	12
0.2219	0.6085	263	21	1.38	1.5	2.35	266	21
0.2405	0.4699	334	17	1.33	1.5	2.19	338	17
0.126	0.535	197	13	0.99	1.5	1.39	203	13
0.1679	0.4394	247	13	1.09	1.5	1.46	254	13
0.2822	0.553	282	18	1.2	1.5	1.59	289	18
0.1912	0.696	242	15	1.41	1.5	1.77	247	15
0.317	0.858	187	23	1.52	1.5	2.24	189	23
0.0955	0.4069	262	13	1.23	1.5	1.68	268	13
0.273	0.6295	320	20	1.49	1.5	1.5	329	21
0.1528	0.4742	239	12	1.1	1.5	2.02	243	12
0.2218	0.5039	221	22	0.98	1.5	1.91	225	22
0.106	0.4019	269	13	1.68	1.5	4.8	264	13
0.1797	0.8751	226	15	1.05	1.5	1.16	235	16
0.1644	0.6307	267	17	1.31	1.5	1.47	275	17
0.215	0.4808	281	14	1.22	1.5	2.59	283	14
0.1229	0.6402	292	15	1.42	1.5	3.23	291	15
0.135	0.7172	219	11	1.45	1.5	3.18	218	11
0.2318	0.7953	252	14	1.13	1.5	1.81	257	14
0.2243	0.7843	233	23	0.84	1.5	2.61	234	23
0.0808	0.7115	185	9	0.87	1.5	0.89	194	9
0.2046	0.4814	267	17	1.35	1.5	2.7	268	17
0.1888	0.473	213	17	0.83	1.5	1.46	219	17
0.2987	0.8111	240	25	1.37	1.5	1.43	247	26
0.285	0.5753	322	32	1.52	1.5	2.55	324	32
0.2852	0.8049	224	17	1.12	1.5	2.24	227	17
0.1254	0.5203	223	14	1.04	1.5	2.48	225	14
0.3583	0.7173	264	26	1.31	1.5	2.9	264	26
0.1596	0.7439	279	14	1.71	1.5	2.5	281	14
0.1428	0.5312	189	12	1	1.5	1.58	194	12
0.2449	0.6021	236	20	1.29	1.5	2.14	239	20
0.2076	0.5241	290	14	1.23	1.5	1.98	295	14
0.2479	0.7933	276	16	1.78	1.5	1.96	281	16
0.2282	0.6745	231	15	1.09	1.5	1.68	236	15
0.1371	0.7126	198	11	1.27	1.5	2.33	200	11
0.2285	0.4635	279	17	1.24	1.5	1.83	285	17
0.1553	0.517	255	16	1.62	1.5	3.28	254	16
0.0819	0.5324	249	8	1.6	1.5	4.11	246	8
0.186	0.807	207	13	1.44	1.5	3.15	207	13
0.485	3.595	229	15	1.34	1.25	0.82	239	16
0.938	2.941	251	19	1.24	1.25	1.6	256	19
0.81	3.399	224	15	1.41	1.25	1.06	232	16
0.497	2.092	116	10	0.36	1.25	0.41	125	11
1.004	3.263	328	32	1.56	0.65	0.31	347	34
0.75	2.74	273	22	1.27	0.9	1.22	277	22
0.717	3.48	293	34	2.39	1	1.97	293	34
0.609	1.88	287	47	1.41	1	1.21	293	48
0.6458	1.847	239	27	1.268	1.5	0.73	253	29
0.389	2.15	289	23	1.3	1	0.95	298	24
0.499	1.44	288	28	1.22	1	1.31	293	28
0.238	1.199	234	21	1.76	1	2.12	233	21
0.4943	1.232	263	24	1.19	1	0.84	272	25
0.352	2.34	281	26	1.04	1	1.14	287	27
0.682	1.55	197	21	0.85	0.9	0.45	208	22
0.722	1.54	320	24	1.1	0.9	0.46	338	25
0.274	2.09	276	35	1.16	0.9	1.34	279	35
0.337	3.25	290	24	0.93	0.7	0.28	309	26
0.365	3.39	222	25	1.03	0.7	0.69	228	26
0.419	2.95	281	22	1.36	0.7	1.13	283	22
0.611	2.36	183	21	1.4	0.9	2	182	21
0.552	3.35	188	22	0.74	0.9	0.46	199	23
0.783	2.77	228	29	1.14	1	1.13	233	30
0.456	1.59	342	20	2.55	1	2.03	342	20
0.526	3.01	284	21	1.51	1	0.83	294	22
0.716	1.47	253	19	0.94	1	0.8	262	20
0.3218	1.42	214	23	0.93	1	0.85	221	24
0.38	0.99	246	23	0.96	1	1.11	252	24
0.483	3.12	228	19	1.4	1	1.62	230	19
0.4	2.15	213	21	1.95	1	0.99	219	22
0.476	2.53	317	30	1.66	0.9	0.66	330	31
0.338	3.45	165	20	1.07	1	0.27	179	22
0.289	1.02	189	20	0.52	0.7	1.01	191	20
0.232	1.07	127	15	2.16	1	0.8	132	16
0.325	2.35	222	23	1.4	1	1.12	227	24
0.436	1.36	221	22	1.44	1	1.56	223	22