"z" "snh" "snl" "onl" "onh" "dnl" "dnh" "knl" "knh"
"1" 17.296 2.68034 1.71262 6.54888 8.37506 2.04218 3.20278 1.40803 2.226
"2" 13.214 22.2834 16.6737 31.8368 35.1361 17.9564 23.9864 16.1081 20.595
"3" 10.84 40.5344 40.3841 58.7782 62.0366 37.7428 41.34 35.8172 41.0609
"4" 9.259 58.38542 55.3036 84.9096 146.9047 56.2479 53.64445 61.0661 60.18813
"5" 8.118 57.79111 75.66742 170.0802 250.975 66.32183 50.44233 75.43929 59.12911
"6" 7.248 48.38975 68.1533 307.2037 254.1124 58.6229 46.24452 69.7766 54.80601
"7" 6.56 44.9384 63.00171 323.2377 215.4333 61.99141 45.400917 67.04351 45.791492
"8" 5.999 41.71479 56.94665 278.4123 208.4272 56.02828 46.75354 61.27266 42.02511
"9" 5.531 44.59926 53.067103 247.52647 222.73315 56.49707 48.48278 54.183923 41.5255
"10" 5.134 44.45557 52.21028 245.0453 229.6164 58.42146 55.60028 51.65172 42.24528
"11" 4.792 47.61192 53.936 259.2517 237.20324 62.3923 55.20365 50.3702 45.02747
"12" 4.494 49.51641 53.02383 260.176 247.57933 66.46181 56.16151 51.26329 50.54467
"13" 4.231 51.19029 56.43322 265.84434 255.58562 66.3336 56.28103 53.37269 51.71685
"14" 3.997 52.12105 58.50429 270.438 330.28642 65.53668 58.10291 57.17308 53.10238
"15" 3.788 55.9784 59.13115 276.22071 634.02423 64.50461 60.0685 57.62543 55.62756
"16" 3.599 55.49743 61.2241 284.20286 949.69676 66.71693 59.8009 63.40689 55.6627
"17" 3.427 56.58789 61.11408 293.22016 1141.61728 68.96221 62.76763 61.6948 56.73334
"18" 3.27 61.56387 62.9131 503.6525 1293.8147 68.29888 61.24529 66.25519 60.06133
"19" 3.127 61.61113 64.51059 779.00301 1332.44662 67.52773 63.41773 63.66076 59.20922
"20" 2.994 57.46852 69.49356 939.70631 1341.26128 69.82398 64.37688 65.56213 57.85025
"21" 2.872 62.42166 63.1283 1055.7185 1288.91371 68.99699 63.05864 65.37526 61.86069
"22" 2.758 59.31354 68.26931 1163.38962 1221.46101 70.26421 68.12919 63.91748 58.76905
"23" 2.652 57.50262 64.32392 1211.97664 1181.14088 68.54254 63.8038 65.16494 65.43175
"24" 2.553 60.79557 66.23298 1225.01213 1151.43983 71.96112 70.05783 66.27419 64.65921
"25" 2.46 59.92365 65.40861 1313.72272 1103.40402 71.90023 65.36525 66.11267 62.19102
"26" 2.373 59.16496 66.43812 1327.61481 1089.70661 74.85014 66.51979 66.4628 63.0607
"27" 2.291 63.82148 64.9472 1351.77089 1072.34734 68.89408 65.76495 68.58201 62.44655
"28" 2.214 60.36225 67.16819 1348.31466 1034.82472 73.18356 67.81738 68.62015 61.6139
"29" 2.141 61.44396 67.76034 1355.09106 1027.42633 74.03718 69.07281 68.59987 62.63817
"30" 2.072 61.7173 66.27419 1378.51984 997.28939 72.66791 66.88251 67.09835 66.19617
"31" 2.006 61.02782 66.1061 1379.27824 964.4477 75.25527 69.818 67.6636 65.36596
"32" 1.944 64.03765 69.6115 1366.17013 946.47855 69.28186 72.76028 66.52385 65.30937
"33" 1.884 57.18406 69.52683 1385.49291 935.48529 80.69022 68.89694 68.40923 66.19798
"34" 1.827 59.76376 69.89424 1317.35486 923.54376 75.73143 70.55417 66.97418 69.05276
"35" 1.773 62.71353 66.24136 1348.41745 908.39296 74.53378 69.77691 66.51731 67.59937
"36" 1.722 59.86248 72.10769 1310.58585 869.39089 76.30202 70.72695 65.37365 68.34914
"37" 1.672 68.13376 66.59576 1302.5837 816.76295 75.43461 77.6616 64.48145 77.82469
"38" 1.625 89.4379 70.00639 1298.4689 736.02146 74.83387 99.54446 62.08735 100.69475
"39" 1.579 105.1929 65.393431 1226.56984 728.493652 70.552893 120.7567 62.88757 117.93723
"40" 1.535 115.79362 66.7372 1135.21166 734.737079 71.89679 134.19899 63.53636 136.326534
"41" 1.493 125.493756 65.9844 1050.46015 731.25017 76.29784 140.34053 60.66252 143.351949
"42" 1.453 133.840683 62.0926 994.60609 717.175895 74.12422 159.9759 63.40516 151.35459
"43" 1.414 142.686473 67.42657 929.31645 701.29983 70.91433 166.04956 61.56303 155.28872
"44" 1.376 145.597501 59.902778 909.14175 713.517773 73.55927 176.42363 59.9177 170.650358
"45" 1.34 152.874875 61.358374 875.61974 691.412139 69.32834 181.834723 58.66205 172.604527
"46" 1.305 165.563541 62.51965 845.193038 707.181732 67.72349 185.074537 62.82391 174.315953
"47" 1.271 162.279415 62.53143 795.8817 681.750828 68.1247 190.19937 59.6498 178.473155
"48" 1.238 171.784107 55.90925 759.19547 680.05913 68.21749 188.970505 58.00887 180.19175
"49" 1.206 172.654265 60.96148 744.65841 673.198566 66.86397 202.019141 60.78299 182.32423
"50" 1.175 175.036554 59.27548 715.02651 662.772144 69.11907 201.46199 61.84275 186.00645
"51" 1.145 174.170136 56.16369 692.7955 664.830716 64.5593 206.279754 61.495992 193.626457
"52" 1.116 173.66078 56.83503 675.51805 640.189314 67.23228 197.41536 61.14764 186.718525
"53" 1.088 171.693211 55.20501 647.61473 626.855981 63.50251 205.96385 62.085268 190.463545
"54" 1.061 177.067843 55.49535 630.5204 621.33334 67.88562 206.409441 62.65323 193.865668
"55" 1.035 178.860518 55.999832 618.59177 615.125217 64.84275 197.16716 60.058767 192.176332
"56" 1.009 172.100389 53.88033 591.189098 606.162106 64.92065 206.768851 60.15328 183.553878
"57" 0.984 173.632958 49.60546 570.98629 578.650738 67.03944 195.835 61.897036 179.521313
"58" 0.959 164.729129 54.444102 556.571653 558.385217 61.48626 194.13799 61.258386 177.080753
"59" 0.935 173.838008 50.818894 536.342643 541.64113 60.331388 188.411143 59.689755 168.984922
"60" 0.912 163.747379 48.801789 525.573212 531.560605 63.42979 187.182991 61.920498 169.436519
"61" 0.89 162.968535 50.589032 509.215428 519.293252 60.98562 185.033538 57.37895 160.741362
"62" 0.868 158.075028 52.06062 491.849276 502.403471 61.53601 173.850554 60.879268 159.669404
"63" 0.846 156.93917 49.038764 482.163147 487.886995 60.94775 176.11399 61.50933 160.685753
"64" 0.825 156.221521 47.468234 465.907691 478.915397 57.89647 168.170648 57.53364 155.609885
"65" 0.805 152.50509 46.946893 454.972896 472.747277 57.979622 165.748348 60.8322 154.26288
"66" 0.784 148.266905 47.261982 437.915042 452.319186 57.644887 165.030105 59.06532 145.8707
"67" 0.765 149.314429 47.011385 427.211713 448.527673 57.131101 158.820929 56.797155 147.239209
"68" 0.746 146.827942 46.208861 411.07466 436.870896 56.593665 157.504872 56.261293 142.028873
"69" 0.727 143.593211 45.854244 401.649631 427.840502 55.102765 154.433726 54.075277 137.207626
"70" 0.709 141.82381 46.249802 398.565537 416.666771 56.507943 157.550059 53.652738 135.455994
"71" 0.691 137.365287 44.973362 385.329844 410.968223 56.891062 153.154636 53.524671 129.609984
"72" 0.673 137.344466 44.201262 369.108846 399.805301 54.551813 149.489629 51.968287 128.823711
"73" 0.656 131.434229 45.779028 357.723713 388.918176 56.885532 149.816869 52.198361 122.023787
"74" 0.639 132.940393 46.045629 358.272546 384.888327 53.02428 144.161557 49.859113 121.255783
"75" 0.623 129.749536 42.858266 341.062535 373.085494 53.540344 144.632441 47.84698 118.12833
"76" 0.606 127.169548 42.942684 333.91512 369.868905 54.378522 138.225694 49.943383 116.827504
"77" 0.591 125.17532 45.077363 310.897648 362.321014 57.233893 138.069819 48.670579 114.294139
"78" 0.575 121.082529 51.29803 290.59651 352.723258 59.973847 138.448048 55.020752 114.856523
"79" 0.56 122.597817 52.779609 282.361346 344.215361 62.878853 135.169882 57.108401 111.359284
"80" 0.545 118.268411 54.967183 277.048336 343.233996 68.163314 132.771488 60.205557 111.750318
"81" 0.53 116.716421 59.653007 276.870261 333.503428 69.052479 131.674162 59.82341 108.525452
"82" 0.516 116.169828 59.638124 266.647949 325.175399 71.736874 129.67062 64.10778 105.935467
"83" 0.501 115.125345 61.807988 265.08756 328.748642 74.227915 125.471231 63.858981 103.429425
"84" 0.487 111.194429 63.000166 257.381063 311.662782 76.635273 127.227792 65.355245 101.460464
"85" 0.474 110.520536 63.756873 255.987832 305.780096 74.06184 123.472401 65.309971 98.872743
"86" 0.46 109.036855 66.212958 250.478818 299.579416 75.820922 120.777319 66.603913 97.297779
"87" 0.447 107.740303 65.012493 251.365566 298.522774 77.643094 121.332183 67.526285 95.328902
"88" 0.434 103.921916 65.788215 245.379821 285.944023 75.405698 116.824469 66.724253 95.227188
"89" 0.421 105.576204 70.027964 244.224973 282.553417 76.93563 115.885285 66.52536 91.254058
"90" 0.408 100.102643 67.899382 241.525845 278.077871 76.898999 119.223853 68.54529 92.317503
"91" 0.396 98.470202 66.0364 232.269643 270.542299 76.977329 112.61427 67.214257 91.322813
"92" 0.384 96.556488 68.114313 231.412575 267.446797 75.987657 113.192333 67.67014 90.32593
"93" 0.372 95.507684 66.387457 227.235739 261.348369 77.215243 106.937706 66.305249 87.610428
"94" 0.36 90.124629 68.818792 221.479867 257.356798 77.404479 106.880137 67.243241 85.448331
"95" 0.348 91.450435 69.638135 221.795544 249.666032 75.24832 104.502912 68.270698 80.852901
"96" 0.337 88.666941 65.950554 219.362408 249.685285 76.351372 102.313376 66.678917 82.595122
"97" 0.326 86.174809 67.017745 215.439888 244.366769 75.908533 97.380402 66.649826 78.959933
"98" 0.314 84.393135 67.484663 210.875696 243.497625 75.91835 99.235204 66.594179 77.202727
"99" 0.303 83.289925 65.639853 206.769847 235.559754 75.487713 93.31639 63.799161 74.044282
"100" 0.293 82.434122 65.931862 204.417756 235.181385 75.185413 97.287057 63.756877 74.828988
"101" 0.282 80.978114 67.046914 201.4826 232.298957 74.620067 88.804106 63.795909 74.600889
"102" 0.271 81.273632 66.148359 198.505989 224.934513 72.165306 91.777127 65.452978 73.46719
"103" 0.261 76.26704 66.197258 194.081221 223.419315 74.608666 88.79146 62.030945 73.006873
"104" 0.251 79.481226 64.638603 192.718009 224.435717 72.67418 88.074213 63.870468 72.078056
"105" 0.241 76.107439 62.610421 188.123 216.1539 70.645899 86.597985 62.197455 70.514162
"106" 0.231 75.786714 67.106098 186.333302 213.936071 70.400719 83.631966 60.12974 70.556374
"107" 0.221 73.520634 63.683525 186.021531 209.916419 70.991504 86.548982 62.215754 66.96973
"108" 0.211 73.035797 63.371361 182.106993 211.882541 70.611872 81.176604 61.089378 68.641421
"109" 0.202 73.272383 62.873141 179.83715 203.515719 71.13603 82.297722 58.803432 66.472471
"110" 0.192 69.810657 63.48348 177.719084 200.973252 71.39974 79.241805 59.910557 65.804009
"111" 0.183 69.867157 62.343601 174.638542 198.588123 71.742664 77.453399 57.493957 65.940646
"112" 0.174 70.469546 60.578752 173.693515 196.568112 70.864925 76.847766 59.308579 64.16665
"113" 0.165 67.377915 61.38593 170.37375 192.593545 71.076045 77.901964 57.33782 63.167978
"114" 0.156 67.966211 61.084292 170.098365 190.205568 70.077121 77.238285 55.966218 65.23018
"115" 0.147 66.163217 60.045163 165.526884 188.513677 71.633909 75.079227 55.050955 63.971976
"116" 0.138 65.789608 60.157378 165.412195 186.359733 69.853635 74.703447 57.897807 61.422673
"117" 0.129 66.519891 60.809402 163.440052 184.522551 69.852035 72.000102 54.080065 61.578502
"118" 0.121 67.032256 60.38944 163.220063 180.277998 69.141985 74.170011 55.738508 60.944445
"119" 0.112 62.595921 60.886427 161.146062 180.474807 68.092983 70.034214 53.89063 60.198854
"120" 0.104 62.975779 58.912042 162.251685 177.825744 66.01729 70.610607 55.985567 60.988381
"121" 0.096 63.044359 58.48682 157.977129 177.35601 66.370125 69.510112 54.167222 58.3847
"122" 0.088 63.697183 60.145442 158.114824 173.920174 67.903197 67.912264 53.230698 59.454663
"123" 0.08 64.043452 59.318493 154.67688 173.134188 66.406299 70.455832 53.937139 58.347416
"124" 0.072 61.958246 56.625721 152.229286 171.30441 65.215525 66.91197 52.610242 59.53925
"125" 0.064 63.580704 57.422466 151.846395 170.129985 66.158544 69.917549 52.876394 57.99158
"126" 0.056 63.023058 58.154467 148.340275 171.597972 62.480686 67.226016 51.671401 58.108359
"127" 0.048 63.030556 57.212698 143.871093 167.834653 63.741004 66.739557 52.867697 56.470858
"128" 0.041 62.168 55.775897 144.500091 167.440379 62.070675 66.703834 51.527276 57.356135
"129" 0.033 61.270671 55.059294 143.910056 166.096071 63.19281 66.303274 53.819226 58.184902
"130" 0.026 60.528799 54.35644 139.741602 163.266015 60.730785 66.100645 52.5786 57.2421473
"131" 0.018 61.921654 54.989244 137.367924 161.086956 59.582788 67.645307 50.857375 58.922535
"132" 0.011 60.024791 53.219956 137.026091 163.823687 59.947248 66.228673 50.464616 56.322195
"133" 0.004 60.614058 51.964847 136.917862 161.706702 59.746659 67.476901 52.068726 56.867047
